0.000000	20.000000	20.000000	20.000000	20.000000	20.000000	20.000000	20.000000	20.000000	20.000000	0.000000
0.000000	16.000000	20.000000	20.000000	20.000000	20.000000	20.000000	20.000000	20.000000	16.000000	0.000000
0.000000	13.600000	19.200000	20.000000	20.000000	20.000000	20.000000	20.000000	19.200000	13.600000	0.000000
0.000000	12.000000	18.240000	19.840000	20.000000	20.000000	20.000000	19.840000	18.240000	12.000000	0.000000
0.000000	10.848000	17.312000	19.552000	19.968000	20.000000	19.968000	19.552000	17.312000	10.848000	0.000000
0.000000	9.971200	16.467200	19.187200	19.891200	19.987200	19.891200	19.187200	16.467200	9.971200	0.000000
0.000000	9.276160	15.712000	18.784000	19.769600	19.948800	19.769600	18.784000	15.712000	9.276160	0.000000
0.000000	8.708096	15.039232	18.366720	19.608320	19.877120	19.608320	18.366720	15.039232	8.708096	0.000000
0.000000	8.232704	14.438502	17.949542	19.413760	19.769600	19.413760	17.949542	14.438502	8.232704	0.000000
0.000000	7.827322	13.899550	17.540177	19.192084	19.627264	19.192084	17.540177	13.899550	7.827322	0.000000
0.000000	7.476303	13.413230	17.142433	18.948739	19.453192	18.948739	17.142433	13.413230	7.476303	0.000000
0.000000	7.168428	12.971685	16.757854	18.688368	19.251410	18.688368	16.757854	12.971685	7.168428	0.000000
0.000000	6.895394	12.568268	16.386723	18.414874	19.026194	18.414874	16.386723	12.568268	6.895394	0.000000
0.000000	6.650890	12.197384	16.028662	18.131508	18.781666	18.131508	16.028662	12.197384	6.650890	0.000000
0.000000	6.430010	11.854341	15.682975	17.840970	18.521602	17.840970	15.682975	11.854341	6.430010	0.000000
0.000000	6.228874	11.535202	15.348847	17.545498	18.249349	17.545498	15.348847	11.535202	6.228874	0.000000
0.000000	6.044365	11.236665	15.025448	17.246938	17.967809	17.246938	15.025448	11.236665	6.044365	0.000000
0.000000	5.873952	10.955962	14.711990	16.946814	17.679460	16.946814	14.711990	10.955962	5.873952	0.000000
0.000000	5.715563	10.690765	14.407749	16.646378	17.386402	16.646378	14.407749	10.690765	5.715563	0.000000
0.000000	5.567491	10.439122	14.112078	16.346657	17.090393	16.346657	14.112078	10.439122	5.567491	0.000000
0.000000	5.428319	10.199387	13.824403	16.048488	16.792898	16.048488	13.824403	10.199387	5.428319	0.000000
0.000000	5.296869	9.970176	13.544217	15.752553	16.495134	15.752553	13.544217	9.970176	5.296869	0.000000
0.000000	5.172156	9.750323	13.271076	15.459402	16.198102	15.459402	13.271076	9.750323	5.172156	0.000000
0.000000	5.053358	9.538840	13.004591	15.169477	15.902622	15.169477	13.004591	9.538840	5.053358	0.000000
0.000000	4.939783	9.334894	12.744418	14.883129	15.609364	14.883129	12.744418	9.334894	4.939783	0.000000
0.000000	4.830848	9.137776	12.490255	14.600634	15.318870	14.600634	12.490255	9.137776	4.830848	0.000000
0.000000	4.726064	8.946887	12.241835	14.322205	15.031575	14.322205	12.241835	8.946887	4.726064	0.000000
0.000000	4.625016	8.761712	11.998919	14.048005	14.747827	14.048005	11.998919	8.761712	4.625016	0.000000
0.000000	4.527352	8.581814	11.761295	13.778152	14.467898	13.778152	11.761295	8.581814	4.527352	0.000000
0.000000	4.432774	8.406818	11.528770	13.512730	14.192000	13.512730	11.528770	8.406818	4.432774	0.000000
0.000000	4.341028	8.236400	11.301172	13.251792	13.920292	13.251792	11.301172	8.236400	4.341028	0.000000
0.000000	4.251896	8.070280	11.078341	12.995368	13.652892	12.995368	11.078341	8.070280	4.251896	0.000000
0.000000	4.165194	7.908215	10.860134	12.743468	13.389883	12.743468	10.860134	7.908215	4.165194	0.000000
0.000000	4.080759	7.749995	10.646417	12.496084	13.131317	12.496084	10.646417	7.749995	4.080759	0.000000
0.000000	3.998454	7.595432	10.437066	12.253197	12.877223	12.253197	10.437066	7.595432	3.998454	0.000000
0.000000	3.918159	7.444363	10.231966	12.014776	12.627613	12.014776	10.231966	7.444363	3.918159	0.000000
0.000000	3.839768	7.296643	10.031007	11.780781	12.382478	11.780781	10.031007	7.296643	3.839768	0.000000
0.000000	3.763189	7.152141	9.834089	11.551166	12.141800	11.551166	9.834089	7.152141	3.763189	0.000000
0.000000	3.688342	7.010740	9.641115	11.325877	11.905546	11.325877	9.641115	7.010740	3.688342	0.000000
0.000000	3.615153	6.872335	9.451992	11.104859	11.673679	11.104859	9.451992	6.872335	3.615153	0.000000
0.000000	3.543559	6.736830	9.266634	10.888049	11.446151	10.888049	9.266634	6.736830	3.543559	0.000000
0.000000	3.473501	6.604137	9.084956	10.675387	11.222910	10.675387	9.084956	6.604137	3.473501	0.000000
0.000000	3.404928	6.474174	8.906879	10.466805	11.003901	10.466805	8.906879	6.474174	3.404928	0.000000
0.000000	3.337791	6.346865	8.732323	10.262239	10.789063	10.262239	8.732323	6.346865	3.337791	0.000000
0.000000	3.272048	6.222142	8.561215	10.061620	10.578333	10.061620	8.561215	6.222142	3.272048	0.000000
0.000000	3.207657	6.099938	8.393481	9.864882	10.371648	9.864882	8.393481	6.099938	3.207657	0.000000
0.000000	3.144582	5.980190	8.229053	9.671955	10.168942	9.671955	8.229053	5.980190	3.144582	0.000000
0.000000	3.082787	5.862841	8.067861	9.482772	9.970147	9.482772	8.067861	5.862841	3.082787	0.000000
0.000000	3.022240	5.747834	7.909839	9.297265	9.775197	9.297265	7.909839	5.747834	3.022240	0.000000
0.000000	2.962911	5.635116	7.754923	9.115366	9.584024	9.115366	7.754923	5.635116	2.962911	0.000000
0.000000	2.904770	5.524637	7.603050	8.937009	9.396561	8.937009	7.603050	5.524637	2.904770	0.000000
0.000000	2.847789	5.416346	7.454159	8.762128	9.212740	8.762128	7.454159	5.416346	2.847789	0.000000
0.000000	2.791943	5.310197	7.308190	8.590656	9.032495	8.590656	7.308190	5.310197	2.791943	0.000000
0.000000	2.737205	5.206145	7.165085	8.422531	8.855760	8.422531	7.165085	5.206145	2.737205	0.000000
0.000000	2.683552	5.104145	7.024786	8.257687	8.682468	8.257687	7.024786	5.104145	2.683552	0.000000
0.000000	2.630960	5.004155	6.887238	8.096063	8.512556	8.096063	6.887238	5.004155	2.630960	0.000000
0.000000	2.579407	4.906132	6.752386	7.937597	8.345959	7.937597	6.752386	4.906132	2.579407	0.000000
0.000000	2.528870	4.810038	6.620178	7.782227	8.182614	7.782227	6.620178	4.810038	2.528870	0.000000
0.000000	2.479330	4.715832	6.490560	7.629895	8.022459	7.629895	6.490560	4.715832	2.479330	0.000000
0.000000	2.430764	4.623477	6.363481	7.480541	7.865433	7.480541	6.363481	4.623477	2.430764	0.000000
0.000000	2.383154	4.532936	6.238892	7.334107	7.711476	7.334107	6.238892	4.532936	2.383154	0.000000
0.000000	2.336479	4.444171	6.116744	7.190538	7.560529	7.190538	6.116744	4.444171	2.336479	0.000000
0.000000	2.290722	4.357147	5.996988	7.049777	7.412532	7.049777	5.996988	4.357147	2.290722	0.000000
0.000000	2.245862	4.271830	5.879578	6.911771	7.267430	6.911771	5.879578	4.271830	2.245862	0.000000
0.000000	2.201883	4.188186	5.764467	6.776464	7.125166	6.776464	5.764467	4.188186	2.201883	0.000000
0.000000	2.158767	4.106182	5.651610	6.643805	6.985685	6.643805	5.651610	4.106182	2.158767	0.000000
0.000000	2.116496	4.025784	5.540963	6.513742	6.848933	6.513742	5.540963	4.025784	2.116496	0.000000
0.000000	2.075055	3.946963	5.432483	6.386225	6.714857	6.386225	5.432483	3.946963	2.075055	0.000000
0.000000	2.034425	3.869685	5.326127	6.261203	6.583404	6.261203	5.326127	3.869685	2.034425	0.000000
0.000000	1.994592	3.793922	5.221854	6.138628	6.454523	6.138628	5.221854	3.793922	1.994592	0.000000
0.000000	1.955539	3.719642	5.119622	6.018452	6.328165	6.018452	5.119622	3.719642	1.955539	0.000000
0.000000	1.917252	3.646818	5.019392	5.900629	6.204280	5.900629	5.019392	3.646818	1.917252	0.000000
0.000000	1.879715	3.575419	4.921125	5.785112	6.082820	5.785112	4.921125	3.575419	1.879715	0.000000
0.000000	1.842913	3.505420	4.824781	5.671856	5.963736	5.671856	4.824781	3.505420	1.842913	0.000000
0.000000	1.806831	3.436790	4.730324	5.560817	5.846984	5.560817	4.730324	3.436790	1.806831	0.000000
0.000000	1.771457	3.369505	4.637716	5.451952	5.732517	5.451952	4.637716	3.369505	1.771457	0.000000
0.000000	1.736775	3.303538	4.546921	5.345218	5.620291	5.345218	4.546921	3.303538	1.736775	0.000000
0.000000	1.702772	3.238862	4.457904	5.240573	5.510262	5.240573	4.457904	3.238862	1.702772	0.000000
0.000000	1.669436	3.175452	4.370629	5.137977	5.402386	5.137977	4.370629	3.175452	1.669436	0.000000
0.000000	1.636752	3.113284	4.285063	5.037389	5.296623	5.037389	4.285063	3.113284	1.636752	0.000000
0.000000	1.604708	3.052334	4.201173	4.938771	5.192929	4.938771	4.201173	3.052334	1.604708	0.000000
0.000000	1.573291	2.992576	4.118925	4.842083	5.091266	4.842083	4.118925	2.992576	1.573291	0.000000
0.000000	1.542490	2.933989	4.038287	4.747288	4.991593	4.747288	4.038287	2.933989	1.542490	0.000000
0.000000	1.512292	2.876549	3.959227	4.654348	4.893871	4.654348	3.959227	2.876549	1.512292	0.000000
0.000000	1.482685	2.820233	3.881716	4.563229	4.798062	4.563229	3.881716	2.820233	1.482685	0.000000
0.000000	1.453657	2.765020	3.805722	4.473893	4.704129	4.473893	3.805722	2.765020	1.453657	0.000000
0.000000	1.425198	2.710888	3.731216	4.386306	4.612034	4.386306	3.731216	2.710888	1.425198	0.000000
0.000000	1.397296	2.657815	3.658168	4.300433	4.521743	4.300433	3.658168	2.657815	1.397296	0.000000
0.000000	1.369941	2.605782	3.586551	4.216242	4.433219	4.216242	3.586551	2.605782	1.369941	0.000000
0.000000	1.343121	2.554768	3.516335	4.133699	4.346428	4.133699	3.516335	2.554768	1.343121	0.000000
0.000000	1.316826	2.504752	3.447495	4.052772	4.261337	4.052772	3.447495	2.504752	1.316826	0.000000
0.000000	1.291046	2.455715	3.380002	3.973430	4.177911	3.973430	3.380002	2.455715	1.291046	0.000000
0.000000	1.265770	2.407639	3.313830	3.895640	4.096118	3.895640	3.313830	2.407639	1.265770	0.000000
0.000000	1.240990	2.360503	3.248954	3.819374	4.015927	3.819374	3.248954	2.360503	1.240990	0.000000
0.000000	1.216694	2.314291	3.185348	3.744600	3.937306	3.744600	3.185348	2.314291	1.216694	0.000000
0.000000	1.192875	2.268983	3.122987	3.671291	3.860224	3.671291	3.122987	2.268983	1.192875	0.000000
0.000000	1.169521	2.224562	3.061847	3.599417	3.784651	3.599417	3.061847	2.224562	1.169521	0.000000
0.000000	1.146625	2.181011	3.001904	3.528949	3.710557	3.528949	3.001904	2.181011	1.146625	0.000000
0.000000	1.124177	2.138312	2.943134	3.459862	3.637914	3.459862	2.943134	2.138312	1.124177	0.000000
0.000000	1.102169	2.096450	2.885515	3.392127	3.566693	3.392127	2.885515	2.096450	1.102169	0.000000
0.000000	1.080591	2.055407	2.829025	3.325718	3.496867	3.325718	2.829025	2.055407	1.080591	0.000000
